entries:
  unsafePerformIO: 10.1007/10722298_3
  dejafu: 10.1145/2804302.2804306
  runST: 10.1145/3158152
  quickcheck: 10.1145/351240.351266
  optimiser: 10.1016/S0167-6423(97)00029-4
  sabry: 10.1017/s0956796897002943
  concurrent: 10.1145/237721.237794
  launchbury: 10.1145/158511.158618
  datafun: 10.1145/2951913.2951948
  observable-sharing: 10.1007/3-540-46674-6_7
  kildall-73: 10.1145/512927.512945
  kam-ullman-76: 10.1145/321921.321938
  spygame: 10.1145/3371101
  cocaml: 10.3233/FI-2017-1473
  secrets: 10.1017/S0956796802004331
  modular: 10.1017/S0956796817000016
  longley: 10.1145/317636.317775
  nievergelt: 10.1145/800152.804906
  runST2: 10.1145/3527326
  polakow: 10.1145/2804302.2804309
  lvars: 10.1145/2502323.2502326
  typesafe-sharing: 10.1145/1596638.1596653
  pure-functional: 10.1007/978-3-642-14162-1_17
  clairvoyant: 10.1145/3341718
subs:
  - replace: Peyton Jones
    with: '{Peyton Jones}'
